Number  Symbol  Name          [MS]     Mass a.e.m |Radii [pm] -> Empirical  Calculated  van der Waals   Covalent  TriCovalent  Metalic |   RGB Color     |      Oxydation    |
  1       H     hydrogen       001     1.00794                      25         53            120           37         -1         -1        245 245 245          -1   1
  2       He    helium         004     4.002602                     18         31            140           32         -1         -1        11  113 47              0
  3       Li    lithium        006     6.941                        145        167           182           134        -1         152       232 79  200             1
  4       Be    beryllium      009     9.012182                     105        112           -1            90         85         112       166 158 234            1 2
  5       B     boron          010     10.811                       85         87            -1            82         73         -1        191 36  179             3
  6       C     carbon         012     12.0107                      70         67            170           77         60         -1        96  96  96            -4 2 4
  7       N     nitrogen       014     14.0067                      65         56            155           75         54         -1        0   0   255        -3 2 3 4 5
  8       O     oxygen         015     15.9994                      60         48            152           73         53         -1        255 0    0       -2 -1 -0.5 1 2
  9       F     fluorine       018     18.9984032                   50         42            147           71         53         -1        202 173 125             -1
  10      Ne    neon           020     20.1797                      -1         38            154           69         -1         -1        152 66  246              0
  11      Na    sodium         022     22.98976928                  180        190           227           154        -1         186       147 32  85               1
  12      Mg    magnesium      024     24.3050                      150        145           173           130        127        160       193 142 104              2
  13      Al    aluminium      026     26.9815386                   125        118           -1            118        111        143       184 222 112              3
  14      Si    silicon        028     28.0855                      110        111           210           111        102        -1        150 1   139          -4  4 2
  15      P     phosphorus     030     30.973762                    100        98            180           106        94         -1        142 241 22            -3 3 5
  16      S     sulfur         032     32.065                       100        88            180           102        95         -1        255 255 0            -2 2 4 6
  17      Cl    chlorine       035     35.453                       100        79            175           99         93         -1        137 196 165      -1 1 3 4 5 6 7 
  18      Ar    argon          039     39.948                       71         71            188           97         96         -1        52  233 52               0
  19      K     potassium      039     39.0983                      220        243           275           196        -1         227       16  29  197              1
  20      Ca    calcium        040     40.078                       180        194           -1            174        133        197       233 203 149              2
  21      Sc    scandium       044     44.955912                    160        184           -1            144        114        162       102 42  206              3
  22      Ti    titanium       047     47.867                       140        176           -1            136        108        147       94  167 125             3 4
  23      V     vanadium       050     50.9415                      135        171           -1            125        106        134       103 197 191          0 2 3 4 5
  24      Cr    chromium       051     51.9961                      140        166           -1            127        103        128       113 122 231           0 2 3 6
  25      Mn    manganese      054     54.938045                    140        161           -1            139        103        127       238 61  137       -1 0 2 3 4 6 7
  26      Fe    iron           055     55.845                       140        156           -1            125        102        126       163 115 86          -2 0 2 3 6
  27      Co    cobalt         058     58.933195                    135        152           -1            126        96         125       192 252 234          -1 0 2 3
  28      Ni    nickel         058     58.6934                      135        149           163           121        101        124       97  50  217            0 2 3
  29      Cu    copper         063     63.546                       135        145           140           138        120        128       205 109 39              1 2
  30      Zn    zinc           065     65.38                        135        142           139           131        -1         134       33  129 216              2
  31      Ga    gallium        069     69.723                       130        136           187           126        121        135       134 126 59               3
  32      Ge    germanium      072     72.64                        125        125           -1            122        114        -1        167 190 223              4
  33      As    arsenic        074     74.92160                     115        114           185           119        106        -1        23  95  94            -2 3 5
  34      Se    selenium       078     78.96                        115        103           190           116        107        -1        215 163 25            -2 4 6
  35      Br    bromine        079     79.904                       115        94            185           114        110        -1        153 178 70          -1 1 3 5 7
  36      Kr    krypton        083     83.798                       -1         88            202           110        108        -1        194 2   83               2
  37      Rb    rubidium       085     85.4678                      235        265           -1            211        -1         248       79  86  36               1
  38      Sr    strontium      087     87.62                        200        219           -1            192        139        215       115 14  37               2
  39      Y     yttrium        088     88.90585                     180        212           -1            162        124        180       156 229 59               3
  40      Zr    zirconium      091     91.224                       155        206           -1            148        121        160       43  191 205              4
  41      Nb    niobium        092     92.906                       145        198           -1            137        116        146       178 48  36              3 5
  42      Mo    molybdenum     095     95.96                        145        190           -1            145        113        139       71  192 4            2 3 4 5 6
  43      Tc    technetium     098     98.9063                      135        183           -1            156        110        136       177 35  163              7
  44      Ru    ruthenium      101     101.07                       130        178           -1            126        103        134       234 67  222         0 3 4 6 8
  45      Rh    rhodium        102     102.90550                    135        173           -1            135        106        134       241 105 87          0 1 2 3 4 5
  46      Pd    palladium      106     106.42                       140        169           163           131        112        137       104 176 55           0 1 2 3 4
  47      Ag    silver         107     107.8682                     160        165           172           153        137        144       231 24  174             1 2
  48      Cd    cadmium        112     112.411                      155        161           158           148        -1         151       51  221 241              2
  49      In    indium         114     114.818                      155        156           193           144        146        167       158 106 115              3 
  50      Sn    tin            118     118.710                      145        145           217           141        132        -1        192 161 32              2 4
  51      Sb    antimony       121     121.760                      145        133           -1            138        127        -1        153 238 16            -2 3 5
  52      Te    tellurium      127     127.60                       140        123           206           135        121        -1        230 126 173            2 4 6
  53      I     iodine         126     126.90447                    140        115           198           133        125        -1        102 218 185          -1 1 5 7
  54      Xe    xenon          131     131.293                      -1         108           216           130        122        -1        237 136 211        0 1 2 4 6 8
  55      Cs    caesium        132     132.9054519                  260        298           -1            225        -1         265       97  24  151               1
  56      Ba    barium         137     137.327                      215        253           -1            198        149        222       135 211 30                2
  57      La    lanthanum      138     138.90547                    195        250           -1            169        139        187       206 4   20                3
  58      Ce    cerium         140     140.116                      185        250           -1            204        131        181.8     159 178 223              3 4
  59      Pr    praseodymium   140     140.90765                    185        247           -1            203        128        182.4     138 78  20               3 4
  60      Nd    neodymium      144     144.242                      185        206           -1            201        -1         181.4     241 196 105               3
  61      Pm    promethium     146     146.9151                     185        205           -1            199        -1         183.4     48  71  71                3
  62      Sm    samarium       150     150.36                       185        238           -1            198        -1         180.4     186 150 53               2 3 
  63      Eu    europium       151     151.964                      185        231           -1            198        -1         208.4     10  115 49               2 3 
  64      Gd    gadolinium     157     157.25                       180        233           -1            196        132        180.4     200 40  232               3
  65      Tb    terbium        158     158.92535                    175        225           -1            194        -1         177.3     131 63  109              3 4
  66      Dy    dysprosium     162     162.500                      175        228           -1            192        -1         178.1     158 89  212               3 
  67      Ho    holmium        164     164.93032                    175        227            -1            192        -1         176.2     99  247 72                3
  68      Er    erbium         167     167.259                      175        226           -1            189        -1         176.1     142 8   233               3
  69      Tm    thulium        168     168.93421                    175        222           -1            190        -1         175.9     140 190 186              2 3
  70      Yb    ytterbium      173     173.054                      175        222           -1            187        -1         193.3     58  122 255              2 3
  71      Lu    lutetium       174     174.9668                     175        217           -1            160        131        173.8     21  240 109               3
  72      Hf    hafnium        178     178.49                       155        208           -1            150        122        159       199 230 102               4
  73      Ta    tantalum       180     180.9479                     145        200           -1            138        119        146       208 86  189               5
  74      W     tungsten       183     183.84                       135        193           -1            146        115        139       231 49  2            0 2 3 4 5 6 
  75      Re    rhenium        186     186.207                      135        188           -1            159        110        137       109 26  45         -1 2 3 4 5 6 7
  76      Os    osmium         190     190.23                       130        185           -1            128        109        135       161 191 123        -2 0 2 3 4 6 8
  77      Ir    iridium        192     192.217                      135        180           -1            137        107        135.      137 88  225        -1 0 1 2 3 4 6
  78      Pt    platinum       195     195.084                      135        177           175           128        110        138.5     37  93  214             0 2 4
  79      Au    gold           196     196.966569                   135        174           166           144        123        144       212 83  180              1 3
  80      Hg    mercury        200     200.59                       150        171           155           149        -1         151       242 186 118              1 2
  81      Tl    thallium       204     204.3833                     190        156           196           148        150        170       119 173 42               1 3
  82      Pb    lead           207     207.2                        180        154           202           147        137        -1        178 39  61               2 4
  83      Bi    bismuth        208     208.98040                    160        143           -1            146        135        -1        253 104 98               3 5 	
  84      Po    polonium       208     208.9824                     190        135           -1            140        129        -1        165 226 179           -2 2 4 6      	
  85      At    astatine       209     209.9871                     -1         127           -1            150        138        -1        139 139 228          -1 1 3 5 7
  86      Rn    radon          222     222.0176                     -1         120           -1            145        133        -1        164 172 6                 0
  87      Fr    francium       223     223.0197                     -1         260           -1            260        -1         -1        131 42  3                 1
  88      Ra    radium         226     226.0254                     215        221           -1            221        159        -1        203 65  166               2
  89      Ac    actinium       227     227.0278                     195        215           -1            215        140        -1        11  151 151               3
  90      Th    thorium        232     232.03806                    180        206           -1            206        136        179       111 84  161               4
  91      Pa    protactinium   231     231.03588                    180        200           -1            200        129        163       224 46  35               4 5
  92      U     uranium        238     238.02891                    175        196           186           196        118        156       238 46  214            3 4 5 6
  93      Np    neptunium      237     237.0482                     175        190           -1            190        116        155       43  110 192            3 4 5 6
  94      Pu    plutonium      244     244.0642                     175        187           -1            187        -1         159       6   165 62             3 4 5 6
  95      Am    americium      243     243.0614                     175        180           -1            180        -1         173       211 179 77             3 4 5 6
  96      Cm    curium         247     247.0704                     -1         169           -1            169        -1         174       113 195 153              3 4
  97      Bk    berkelium      247     247.0703                     -1         170           -1            -1         -1         170       103 174 85               3 4
  98      Cf    californium    251     251.0796                     -1         186           -1            -1         -1         186       133 183 12              2 3 4
  99      Es    einsteinium    252     252.0829                     -1         186           -1            -1         -1         186       145 128 20              2 3 4
  100     Fm    fermium        257     257.0951                     -1         180           -1            -1         -1         -1        248 188 206               3
  101     Md    mendelevium    258     258.0986                     -1         175           -1            -1         -1         -1        5   254 0                 3
  102     No    nobelium       259     259.1009                     -1         170           -1            -1         -1         -1        7   180 90               2 3 
  103     Lr    lawrencium     260     264                          -1         165           -1            -1         -1         -1        86  205 57                3
  104     Rf    rutherfordium  261     265                          -1         131           -1            -1         131        -1        113 85  13                4 
  105     Db    dubnium        262     268                          -1         126           -1            -1         126        -1        127 182 153               0
  106     Sg    seaborgium     263     272                          -1         121           -1            -1         121        -1        156 12  63                0
  107     Bh    bohrium        262     273                          -1         119           -1            -1         119        -1        46  46  156               0
  108     Hs    hassium        265     276                          -1         118           -1            -1         118        -1        90  160 138               0
  109     Mt    meitnerium     266     279                          -1         113           -1            -1         113        -1        167 16  171               0
  110     Ds    darmstadtium   269     278                          -1         112           -1            -1         112        -1        80  160 71                0
  111     Rg    roentgenium    272     283                          -1         118           -1            -1         118        -1        100 87  210               0